template 0 12
0 0 0 0 0 0 0 0 0 0 0 0 
0 0 0 0 0 0 0 0 0 0 0 0 
0 0 0 0 0 0 0 0 0 0 0 0 
0 0 0 0 0 0 0 0 0 0 0 0 
0 0 0 0 0 0 0 0 0 0 0 0 
0 0 0 0 0 0 0 0 0 0 0 0 
0 0 0 0 0 0 0 0 0 0 0 0 
0 0 0 0 0 0 0 0 0 0 0 0 
0 0 0 0 0 0 0 0 0 0 0 0 
0 0 0 0 0 0 0 0 0 0 0 0 
0 0 0 0 0 0 0 0 0 0 0 0 
0 0 0 0 0 0 0 0 0 0 0 0 
0 0 0 0 0 0 0 0 0 0 0 0 
0 0 0 0 0 0 0 0 0 0 0 0 
0 0 0 0 0 0 0 0 0 0 0 0 
0 0 0 0 0 0 0 0 0 0 0 0 
0 0 0 0 0 0 0 0 0 0 0 0 
0 0 0 0 0 0 0 0 0 0 0 0 
0 0 0 0 0 0 0 0 0 0 0 0 
0 0 0 0 0 0 0 0 0 0 0 0 
0.0498869 0 0 0 0 0 0 0 0 0 0 0 
0.151392 0 0 0 0 0 0.0498869 0 0 0 0 0 
0.302034 0 0 0 0 0 0.151392 0 0 0 0 0 
0.502653 0 0 0 0 0 0.302034 0 0 0 0 0 
0.753177 0 0 0 0 0 0.502653 0 0 0 0 0 
1.05347 0 0 0 0 0 0.753177 0 0 0 0 0 
1.40354 0 0 0 0 0 1.05347 0 0 0 0 0 
1.80148 0 0 0 0 0 1.40354 0 0 0 0 0 
2.24853 0 0 0 0 0 1.80148 0 0 0 0 0 
2.64241 0 0 0 0 0 2.24853 0 0 0 0 0 
2.98332 0 0 0 0 0 2.64241 0 0 0 0 0 
3.27445 0 0 0 0 0 2.98332 0 0 0 0 0 
3.51589 0 0 0 0 0 3.27446 0 0 0 0 0 
3.70826 0 0 0 0 0 3.51589 0 0 0 0 0 
3.85081 0 0 0 0 0 3.70826 0 0 0 0 0 
3.94331 0 0 0 0 0 3.85081 0 0 0 0 0 
3.98589 0 0 0 0 0 3.94331 0 0 0 0 0 
3.98589 0 0 0 0 0 3.98589 0 0 0 0 0 
3.98589 0 0 0 0 0 3.98589 0 0 0 0 0 
3.98589 0 0 0 0 0 3.98589 0 0 0 0 0 
3.98589 0 0 0 0 0 3.98589 0 0 0 0 0 
3.98589 0 0 0 0 0 3.98589 0 0 0 0 0 
3.98589 0 0 0 0 0 3.98589 0 0 0 0 0 
3.98589 0 0 0 0 0 3.98589 0 0 0 0 0 
3.98589 0 0 0 0 0 3.98589 0 0 0 0 0 
3.98589 0 0 0 0 0 3.98589 0 0 0 0 0 
3.98589 0 0 0 0 0 3.98589 0 0 0 0 0 
3.98589 0 0 0 0 0 3.98589 0 0 0 0 0 
3.93666 0 0 0 0 0 3.98589 0 0 0 0 0 
3.83602 0 0 0 0 0 3.93666 0 0 0 0 0 
3.68537 0 0 0 0 0 3.83602 0 0 0 0 0 
3.48626 0 0 0 0 0 3.68537 0 0 0 0 0 
3.23709 0 0 0 0 0 3.48626 0 0 0 0 0 
2.93787 0 0 0 0 0 3.23709 0 0 0 0 0 
2.5886 0 0 0 0 0 2.93787 0 0 0 0 0 
2.28902 0 0 0 0 0 2.5886 0 0 0 0 0 
2.03926 0 0 0 0 0 2.28902 0 0 0 0 0 
1.83732 0 0 0 0 0 2.03926 0 0 0 0 0 
1.68563 0 0 0 0 0 1.83732 0 0 0 0 0 
1.58386 0 0 0 0 0 1.68563 0 0 0 0 0 
1.53222 0 0 0 0 0 1.58386 0 0 0 0 0 
1.53055 0 0 0 0 0 1.53222 0 0 0 0 0 
1.53055 0 0 0 0 0 1.53055 0 0 0 0 0 
1.53055 0 0 0 0 0 1.53055 0 0 0 0 0 
1.53055 0 0 0 0 0 1.53055 0 0 0 0 0 
1.53055 0 0 0 0 0 1.53055 0 0 0 0 0 
1.53055 0 0 0 0 0 1.53055 0 0 0 0 0 
1.53055 0 0 0 0 0 1.53055 0 0 0 0 0 
1.53055 0 0 0 0 0 1.53055 0 0 0 0 0 
1.53055 0 0 0 0 0 1.53055 0 0 0 0 0 
1.53055 0 0 0 0 0 1.53055 0 0 0 0 0 
1.53055 0 0 0 0 0 1.53055 0 0 0 0 0 
1.53055 0 0 0 0 0 1.53055 0 0 0 0 0 
1.53055 0 0 0 0 0 1.53055 0 0 0 0 0 
1.53055 0 0 0 0 0 1.53055 0 0 0 0 0 
template 1 12
0 0 0 0 0 0 0 0 0 0 0 0 
0 0 0 0 0 0 0 0 0 0 0 0 
0 0 0 0 0 0 0 0 0 0 0 0 
0 0 0 0 0 0 0 0 0 0 0 0 
0 0 0 0 0 0 0 0 0 0 0 0 
0 0 0 0 0 0 0 0 0 0 0 0 
0 0 0 0 0 0 0 0 0 0 0 0 
0 0 0 0 0 0 0 0 0 0 0 0 
0 0 0 0 0 0 0 0 0 0 0 0 
0 0 0 0 0 0 0 0 0 0 0 0 
0 0 0 0 0 0 0 0 0 0 0 0 
0 0 0 0 0 0 0 0 0 0 0 0 
0 0.0496829 0 0 0 0 0 0 0 0 0 0 
0 0.153831 0 0 0 0 0 0.0496829 0 0 0 0 
0 0.311106 0 0 0 0 0 0.153831 0 0 0 0 
0 0.516375 0 0 0 0 0 0.311106 0 0 0 0 
0 0.772944 0 0 0 0 0 0.516375 0 0 0 0 
0 1.07688 0 0 0 0 0 0.772944 0 0 0 0 
0 1.43189 0 0 0 0 0 1.07688 0 0 0 0 
0 1.836 0 0 0 0 0 1.43189 0 0 0 0 
0 2.29136 0 0 0 0 0 1.836 0 0 0 0 
0 2.69714 0 0 0 0 0 2.29136 0 0 0 0 
0 3.05314 0 0 0 0 0 2.69714 0 0 0 0 
0 3.35939 0 0 0 0 0 3.05314 0 0 0 0 
0 3.61592 0 0 0 0 0 3.35939 0 0 0 0 
0 3.82277 0 0 0 0 0 3.61592 0 0 0 0 
0 3.97993 0 0 0 0 0 3.82277 0 0 0 0 
0 4.08756 0 0 0 0 0 3.97993 0 0 0 0 
0 4.14646 0 0 0 0 0 4.08756 0 0 0 0 
0 4.15458 0 0 0 0 0 4.14646 0 0 0 0 
0 4.15458 0 0 0 0 0 4.15458 0 0 0 0 
0 4.15458 0 0 0 0 0 4.15458 0 0 0 0 
0 4.15458 0 0 0 0 0 4.15458 0 0 0 0 
0.132093 4.15458 0 0 0 0 0 4.15458 0 0 0 0 
0.316986 4.15458 0 0 0 0 0.132093 4.15458 0 0 0 0 
0.551571 4.15458 0 0 0 0 0.316986 4.15458 0 0 0 0 
0.835119 4.15458 0 0 0 0 0.551571 4.15458 0 0 0 0 
1.16911 4.15458 0 0 0 0 0.835119 4.15458 0 0 0 0 
1.5528 4.15458 0 0 0 0 1.16911 4.15458 0 0 0 0 
1.98425 4.15458 0 0 0 0 1.5528 4.15458 0 0 0 0 
2.46733 4.15458 0 0 0 0 1.98425 4.15458 0 0 0 0 
3.00012 4.15458 0 0 0 0 2.46733 4.15458 0 0 0 0 
3.48444 4.15458 0 0 0 0 3.00012 4.15458 0 0 0 0 
3.91783 4.15458 0 0 0 0 3.48444 4.15458 0 0 0 0 
4.30448 4.15458 0 0 0 0 3.91783 4.15458 0 0 0 0 
4.63847 4.15458 0 0 0 0 4.30448 4.15458 0 0 0 0 
4.92444 4.15458 0 0 0 0 4.63847 4.15458 0 0 0 0 
5.15901 4.15458 0 0 0 0 4.92444 4.15458 0 0 0 0 
5.34552 4.15458 0 0 0 0 5.15901 4.15458 0 0 0 0 
5.47906 4.15458 0 0 0 0 5.34552 4.15458 0 0 0 0 
5.56284 4.15458 0 0 0 0 5.47906 4.15458 0 0 0 0 
5.5969 4.15458 0 0 0 0 5.56284 4.15458 0 0 0 0 
5.5969 4.15458 0 0 0 0 5.5969 4.15458 0 0 0 0 
5.5969 4.15458 0 0 0 0 5.5969 4.15458 0 0 0 0 
5.5969 4.15458 0 0 0 0 5.5969 4.15458 0 0 0 0 
5.5969 4.15458 0 0 0 0 5.5969 4.15458 0 0 0 0 
5.5969 4.1065 0 0 0 0 5.5969 4.15458 0 0 0 0 
5.5969 4.0096 0 0 0 0 5.5969 4.1065 0 0 0 0 
5.5969 3.86266 0 0 0 0 5.5969 4.0096 0 0 0 0 
5.5969 3.66381 0 0 0 0 5.5969 3.86266 0 0 0 0 
5.5969 3.41752 0 0 0 0 5.5969 3.66381 0 0 0 0 
5.5969 3.12216 0 0 0 0 5.5969 3.41752 0 0 0 0 
5.5969 2.77445 0 0 0 0 5.5969 3.12216 0 0 0 0 
5.5969 2.47403 0 0 0 0 5.5969 2.77445 0 0 0 0 
5.5969 2.22317 0 0 0 0 5.5969 2.47403 0 0 0 0 
5.5969 2.02281 0 0 0 0 5.5969 2.22317 0 0 0 0 
5.5969 1.87211 0 0 0 0 5.5969 2.02281 0 0 0 0 
5.5969 1.77125 0 0 0 0 5.5969 1.87211 0 0 0 0 
5.5969 1.72034 0 0 0 0 5.5969 1.77125 0 0 0 0 
5.5969 1.718 0 0 0 0 5.5969 1.72034 0 0 0 0 
5.5969 1.718 0 0 0 0 5.5969 1.718 0 0 0 0 
5.5969 1.718 0 0 0 0 5.5969 1.718 0 0 0 0 
5.5969 1.718 0 0 0 0 5.5969 1.718 0 0 0 0 
5.5969 1.718 0 0 0 0 5.5969 1.718 0 0 0 0 
5.5969 1.718 0 0 0 0 5.5969 1.718 0 0 0 0 
5.5969 1.718 0 0 0 0 5.5969 1.718 0 0 0 0 
5.54699 1.718 0 0 0 0 5.5969 1.718 0 0 0 0 
5.44716 1.718 0 0 0 0 5.54699 1.718 0 0 0 0 
5.29706 1.718 0 0 0 0 5.44716 1.718 0 0 0 0 
5.09694 1.718 0 0 0 0 5.29706 1.718 0 0 0 0 
4.84683 1.718 0 0 0 0 5.09694 1.718 0 0 0 0 
4.54606 1.718 0 0 0 0 4.84683 1.718 0 0 0 0 
4.19587 1.718 0 0 0 0 4.54607 1.718 0 0 0 0 
3.79574 1.718 0 0 0 0 4.19587 1.718 0 0 0 0 
3.34562 1.718 0 0 0 0 3.79574 1.718 0 0 0 0 
2.94334 1.718 0 0 0 0 3.34562 1.718 0 0 0 0 
2.59084 1.718 0 0 0 0 2.94334 1.718 0 0 0 0 
2.29003 1.718 0 0 0 0 2.59084 1.718 0 0 0 0 
2.03855 1.718 0 0 0 0 2.29003 1.718 0 0 0 0 
1.83708 1.718 0 0 0 0 2.03855 1.718 0 0 0 0 
1.68453 1.718 0 0 0 0 1.83708 1.718 0 0 0 0 
1.64748 1.718 0 0 0 0 1.68453 1.718 0 0 0 0 
1.64748 1.718 0 0 0 0 1.64748 1.718 0 0 0 0 
1.64748 1.718 0 0 0 0 1.64748 1.718 0 0 0 0 
1.64748 1.718 0 0 0 0 1.64748 1.718 0 0 0 0 
1.64748 1.718 0 0 0 0 1.64748 1.718 0 0 0 0 
1.64748 1.718 0 0 0 0 1.64748 1.718 0 0 0 0 
1.64748 1.718 0 0 0 0 1.64748 1.718 0 0 0 0 
1.64748 1.718 0 0 0 0 1.64748 1.718 0 0 0 0 
1.64748 1.718 0 0 0 0 1.64748 1.718 0 0 0 0 
1.64748 1.718 0 0 0 0 1.64748 1.718 0 0 0 0 
1.64748 1.718 0 0 0 0 1.64748 1.718 0 0 0 0 
1.64748 1.718 0 0 0 0 1.64748 1.718 0 0 0 0 
1.64748 1.718 0 0 0 0 1.64748 1.718 0 0 0 0 
1.64748 1.718 0 0 0 0 1.64748 1.718 0 0 0 0 
1.64748 1.718 0 0 0 0 1.64748 1.718 0 0 0 0 
1.64748 1.718 0 0 0 0 1.64748 1.718 0 0 0 0 
1.64748 1.718 0 0 0 0 1.64748 1.718 0 0 0 0 
1.64748 1.718 0 0 0 0 1.64748 1.718 0 0 0 0 
1.64748 1.718 0 0 0 0 1.64748 1.718 0 0 0 0 
1.64748 1.718 0 0 0 0 1.64748 1.718 0 0 0 0 
1.64748 1.718 0 0 0 0 1.64748 1.718 0 0 0 0 
1.64748 1.718 0 0 0 0 1.64748 1.718 0 0 0 0 
1.64748 1.718 0 0 0 0 1.64748 1.718 0 0 0 0 
1.64748 1.718 0 0 0 0 1.64748 1.718 0 0 0 0 
1.64748 1.718 0 0 0 0 1.64748 1.718 0 0 0 0 
1.64748 1.718 0 0 0 0 1.64748 1.718 0 0 0 0 
1.64748 1.718 0 0 0 0 1.64748 1.718 0 0 0 0 
1.64748 1.718 0 0 0 0 1.64748 1.718 0 0 0 0 
1.64748 1.718 0 0 0 0 1.64748 1.718 0 0 0 0 
1.64748 1.718 0 0 0 0 1.64748 1.718 0 0 0 0 
1.64748 1.718 0 0 0 0 1.64748 1.718 0 0 0 0 
1.64748 1.718 0 0 0 0 1.64748 1.718 0 0 0 0 
1.64748 1.718 0 0 0 0 1.64748 1.718 0 0 0 0 
1.64748 1.718 0 0 0 0 1.64748 1.718 0 0 0 0 
1.64748 1.718 0 0 0 0 1.64748 1.718 0 0 0 0 
1.64748 1.718 0 0 0 0 1.64748 1.718 0 0 0 0 
1.64748 1.718 0 0 0 0 1.64748 1.718 0 0 0 0 
1.64748 1.718 0 0 0 0 1.64748 1.718 0 0 0 0 
1.64748 1.718 0 0 0 0 1.64748 1.718 0 0 0 0 
1.64748 1.718 0 0 0 0 1.64748 1.718 0 0 0 0 
1.64748 1.718 0 0 0 0 1.64748 1.718 0 0 0 0 
1.64748 1.718 0 0 0 0 1.64748 1.718 0 0 0 0 
1.64748 1.718 0 0 0 0 1.64748 1.718 0 0 0 0 
1.64748 1.718 0 0 0 0 1.64748 1.718 0 0 0 0 
1.64748 1.718 0 0 0 0 1.64748 1.718 0 0 0 0 
1.64748 1.718 0 0 0 0 1.64748 1.718 0 0 0 0 
1.64748 1.718 0 0 0 0 1.64748 1.718 0 0 0 0 
1.64748 1.718 0 0 0 0 1.64748 1.718 0 0 0 0 
1.64748 1.718 0 0 0 0 1.64748 1.718 0 0 0 0 
1.64748 1.718 0 0 0 0 1.64748 1.718 0 0 0 0 
1.64748 1.718 0 0 0 0 1.64748 1.718 0 0 0 0 
1.64748 1.718 0 0 0 0 1.64748 1.718 0 0 0 0 
1.64748 1.718 0 0 0 0 1.64748 1.718 0 0 0 0 
1.64748 1.718 0 0 0 0 1.64748 1.718 0 0 0 0 
1.64748 1.718 0 0 0 0 1.64748 1.718 0 0 0 0 
1.64748 1.718 0 0 0 0 1.64748 1.718 0 0 0 0 
1.64748 1.718 0 0 0 0 1.64748 1.718 0 0 0 0 
1.64748 1.718 0 0 0 0 1.64748 1.718 0 0 0 0 
1.64748 1.718 0 0 0 0 1.64748 1.718 0 0 0 0 
1.64748 1.718 0 0 0 0 1.64748 1.718 0 0 0 0 
1.64748 1.718 0 0 0 0 1.64748 1.718 0 0 0 0 
1.64748 1.718 0 0 0 0 1.64748 1.718 0 0 0 0 
1.64748 1.718 0 0 0 0 1.64748 1.718 0 0 0 0 
1.64748 1.718 0 0 0 0 1.64748 1.718 0 0 0 0 
1.64748 1.718 0 0 0 0 1.64748 1.718 0 0 0 0 
1.64748 1.718 0 0 0 0 1.64748 1.718 0 0 0 0 
